| train/name:            | T:                     | S:                     | M:                     | L:                     | Total |                 
| - | - | - | - | - | - |
| airport                | 0.0                    | 0.0                    | 0.0                    | 100.0                  | 306 |
| baseball-diamond       | 0.0                    | 0.14450867052023122    | 2.8901734104046244     | 96.96531791907515      | 692 |
| basketball-court       | 0.0                    | 0.0                    | 1.4184397163120568     | 98.58156028368795      | 564 |
| bridge                 | 0.0                    | 0.5206247496996396     | 8.810572687224669      | 90.66880256307569      | 2497 |
| container-crane        | 0.0                    | 0.0                    | 0.78125                | 99.21875               | 256 |
| ground-track-field     | 0.0                    | 0.0                    | 3.4136546184738954     | 96.5863453815261       | 498 |
| harbor                 | 0.06192909119058678    | 0.015482272797646695   | 2.337823192444651      | 97.58476544356712      | 6459 |
| helicopter             | 0.0                    | 0.0                    | 0.15337423312883436    | 99.84662576687117      | 652 |
| helipad                | 0.0                    | 0.0                    | 0.9615384615384616     | 99.03846153846153      | 104 |
| large-vehicle          | 0.05291005291005291    | 0.4884004884004884     | 13.65079365079365      | 85.8078958078958       | 24570 |
| plane                  | 0.0                    | 0.011719207781553966   | 2.0039845306457282     | 97.98429626157272      | 8533 |
| roundabout             | 0.0                    | 1.21765601217656       | 20.54794520547945      | 78.23439878234399      | 657 |
| ship                   | 0.03945551390806865    | 0.4290787137502466     | 11.047543894259222     | 88.48392187808246      | 40552 |
| small-vehicle          | 0.3674646123307418     | 2.142165087317154      | 23.03565942765319      | 74.45471087269891      | 169268 |
| soccer-ball-field      | 0.0                    | 0.4750593824228028     | 1.187648456057007      | 98.3372921615202       | 421 |
| storage-tank           | 0.30905670518677775    | 1.1152915882827197     | 10.104810534802473     | 88.47084117172803      | 7442 |
| swimming-pool          | 0.042034468263976464   | 0.4203446826397646     | 8.953341740226985      | 90.58427910886927      | 2379 |
| tennis-court           | 0.0                    | 0.0                    | 1.0442924018725244     | 98.95570759812747      | 2777 |
| all                    | 0.25276684771076624    | 1.5035718673104341     | 18.07376026981651      | 80.16990101516228      | 268627 |

| val/name:              | T:                     | S:                     | M:                     | L:                     | Total |                 
| - | - | - | - | - | - |
| airport                | 0.0                    | 0.0                    | 0.0                    | 100.0                  | 104 |
| baseball-diamond       | 0.0                    | 1.465201465201465      | 4.029304029304029      | 94.50549450549451      | 273 |
| basketball-court       | 0.0                    | 0.0                    | 1.3605442176870748     | 98.63945578231292      | 147 |
| bridge                 | 0.0                    | 0.3663003663003663     | 5.128205128205129      | 94.50549450549451      | 546 |
| container-crane        | 0.0                    | 0.0                    | 0.0                    | 100.0                  | 14 |
| ground-track-field     | 0.0                    | 0.0                    | 1.6129032258064515     | 98.38709677419355      | 186 |
| harbor                 | 0.0                    | 0.0                    | 4.052394596807204      | 95.9476054031928       | 2443 |
| helicopter             | 0.0                    | 0.0                    | 0.0                    | 100.0                  | 78 |
| helipad                | 0.0                    | 0.0                    | 50.0                   | 50.0                   | 2 |
| large-vehicle          | 0.03723701359150996    | 0.5771737106684044     | 14.541053807484639     | 84.84453546825544      | 5371 |
| plane                  | 0.0                    | 0.03531073446327684    | 2.7895480225988702     | 97.17514124293785      | 2832 |
| roundabout             | 0.0                    | 1.7543859649122806     | 17.105263157894736     | 81.14035087719299      | 228 |
| ship                   | 0.007245851749873198   | 0.2536048112455619     | 9.202231722338961      | 90.5369176146656       | 13801 |
| small-vehicle          | 0.46742039870560503    | 2.4609484239542967     | 21.0399105109664       | 76.0317206663737       | 50062 |
| soccer-ball-field      | 0.0                    | 0.0                    | 2.6315789473684212     | 97.36842105263158      | 152 |
| storage-tank           | 0.1889763779527559     | 3.4015748031496065     | 18.04724409448819      | 78.36220472440945      | 3175 |
| swimming-pool          | 0.23501762632197415    | 2.7027027027027026     | 21.974148061104582     | 75.08813160987074      | 851 |
| tennis-court           | 0.0                    | 0.0                    | 2.1711366538952745     | 97.82886334610473      | 783 |
| all                    | 0.3022900009870694     | 1.7767249037607344     | 16.813493238574672     | 81.10749185667753      | 81048 |
