| train/name:            | T:                     | S:                     | M:                     | L:                     | Total |                 
| - | - | - | - | - | - |
| airport                | 0.0                    | 0.0                    | 0.0                    | 100.0                  | 306 |
| baseball-diamond       | 0.0                    | 0.14450867052023122    | 2.8901734104046244     | 96.96531791907515      | 692 |
| basketball-court       | 0.0                    | 0.0                    | 1.4184397163120568     | 98.58156028368795      | 564 |
| bridge                 | 0.0                    | 0.5206247496996396     | 8.810572687224669      | 90.66880256307569      | 2497 |
| container-crane        | 0.0                    | 0.0                    | 0.78125                | 99.21875               | 256 |
| ground-track-field     | 0.0                    | 0.0                    | 3.4136546184738954     | 96.5863453815261       | 498 |
| harbor                 | 0.06192909119058678    | 0.015482272797646695   | 2.337823192444651      | 97.58476544356712      | 6459 |
| helicopter             | 0.0                    | 0.0                    | 0.15337423312883436    | 99.84662576687117      | 652 |
| helipad                | 0.0                    | 0.0                    | 0.9615384615384616     | 99.03846153846153      | 104 |
| large-vehicle          | 0.05291005291005291    | 0.4884004884004884     | 13.65079365079365      | 85.8078958078958       | 24570 |
| plane                  | 0.0                    | 0.011719207781553966   | 2.0039845306457282     | 97.98429626157272      | 8533 |
| roundabout             | 0.0                    | 1.21765601217656       | 20.54794520547945      | 78.23439878234399      | 657 |
| ship                   | 0.03945551390806865    | 0.4290787137502466     | 11.047543894259222     | 88.48392187808246      | 40552 |
| small-vehicle          | 0.3674646123307418     | 2.142165087317154      | 23.03565942765319      | 74.45471087269891      | 169268 |
| soccer-ball-field      | 0.0                    | 0.4750593824228028     | 1.187648456057007      | 98.3372921615202       | 421 |
| storage-tank           | 0.30905670518677775    | 1.1152915882827197     | 10.104810534802473     | 88.47084117172803      | 7442 |
| swimming-pool          | 0.042034468263976464   | 0.4203446826397646     | 8.953341740226985      | 90.58427910886927      | 2379 |
| tennis-court           | 0.0                    | 0.0                    | 1.0442924018725244     | 98.95570759812747      | 2777 |
| all                    | 0.25276684771076624    | 1.5035718673104341     | 18.07376026981651      | 80.16990101516228      | 268627 |

| val/name:              | T:                     | S:                     | M:                     | L:                     | Total |                 
| - | - | - | - | - | - |
| airport                | 0.0                    | 0.0                    | 0.0                    | 100.0                  | 104 |
| baseball-diamond       | 0.0                    | 1.465201465201465      | 4.029304029304029      | 94.50549450549451      | 273 |
| basketball-court       | 0.0                    | 0.0                    | 1.3605442176870748     | 98.63945578231292      | 147 |
| bridge                 | 0.0                    | 0.3663003663003663     | 5.128205128205129      | 94.50549450549451      | 546 |
| container-crane        | 0.0                    | 0.0                    | 0.0                    | 100.0                  | 14 |
| ground-track-field     | 0.0                    | 0.0                    | 1.6129032258064515     | 98.38709677419355      | 186 |
| harbor                 | 0.0                    | 0.0                    | 4.052394596807204      | 95.9476054031928       | 2443 |
| helicopter             | 0.0                    | 0.0                    | 0.0                    | 100.0                  | 78 |
| helipad                | 0.0                    | 0.0                    | 50.0                   | 50.0                   | 2 |
| large-vehicle          | 0.03723701359150996    | 0.5771737106684044     | 14.541053807484639     | 84.84453546825544      | 5371 |
| plane                  | 0.0                    | 0.03531073446327684    | 2.7895480225988702     | 97.17514124293785      | 2832 |
| roundabout             | 0.0                    | 1.7543859649122806     | 17.105263157894736     | 81.14035087719299      | 228 |
| ship                   | 0.007245851749873198   | 0.2536048112455619     | 9.202231722338961      | 90.5369176146656       | 13801 |
| small-vehicle          | 0.46742039870560503    | 2.4609484239542967     | 21.0399105109664       | 76.0317206663737       | 50062 |
| soccer-ball-field      | 0.0                    | 0.0                    | 2.6315789473684212     | 97.36842105263158      | 152 |
| storage-tank           | 0.1889763779527559     | 3.4015748031496065     | 18.04724409448819      | 78.36220472440945      | 3175 |
| swimming-pool          | 0.23501762632197415    | 2.7027027027027026     | 21.974148061104582     | 75.08813160987074      | 851 |
| tennis-court           | 0.0                    | 0.0                    | 2.1711366538952745     | 97.82886334610473      | 783 |
| all                    | 0.3022900009870694     | 1.7767249037607344     | 16.813493238574672     | 81.10749185667753      | 81048 |


| train/name:            | T:                     | S:                     | M:                     | L:                     | Total |                 
| - | - | - | - | - | - |
| airport                | 0.0                    | 0.0                    | 3.2679738562091503     | 96.73202614379085      | 306 |
| baseball-diamond       | 2.023121387283237      | 2.023121387283237      | 66.04046242774567      | 29.91329479768786      | 692 |
| basketball-court       | 0.0                    | 4.432624113475177      | 38.12056737588652      | 57.4468085106383       | 564 |
| bridge                 | 15.058069683620344     | 37.56507809371246      | 37.60512615138166      | 9.771726071285542      | 2497 |
| container-crane        | 2.34375                | 5.859375               | 65.234375              | 26.5625                | 256 |
| ground-track-field     | 0.40160642570281124    | 8.634538152610443      | 27.51004016064257      | 63.45381526104418      | 498 |
| harbor                 | 0.3096454559529339     | 9.072611859420963      | 44.557981111627186     | 46.059761572998916     | 6459 |
| helicopter             | 0.7668711656441718     | 11.042944785276074     | 79.14110429447852      | 9.049079754601227      | 652 |
| helipad                | 5.769230769230769      | 79.8076923076923       | 14.423076923076923     | 0.0                    | 104 |
| large-vehicle          | 12.201872201872202     | 26.21896621896622      | 56.446886446886445     | 5.132275132275132      | 24570 |
| plane                  | 1.6524082971991094     | 5.086136177194422      | 59.26403375131841      | 33.99742177428806      | 8533 |
| roundabout             | 18.569254185692543     | 28.919330289193304     | 43.83561643835616      | 8.67579908675799       | 657 |
| ship                   | 11.28181100808838      | 40.33093312290393      | 45.11244821463799      | 3.274807654369698      | 40552 |
| small-vehicle          | 53.740813384691734     | 30.549779048609306     | 15.671597703050784     | 0.03780986364817922    | 169268 |
| soccer-ball-field      | 3.0878859857482186     | 9.263657957244655      | 16.389548693586697     | 71.25890736342043      | 421 |
| storage-tank           | 37.22117710292932      | 33.955925826390754     | 25.12765385649019      | 3.695243214189734      | 7442 |
| swimming-pool          | 4.581757040773434      | 17.90668348045397      | 71.5846994535519       | 5.926860025220681      | 2379 |
| tennis-court           | 0.32409074540871446    | 13.683831472812388     | 34.02952826791502      | 51.962549513863884     | 2777 |
| all                    | 38.02000543504562      | 29.885305646863493     | 27.531111913545548     | 4.563577004545336      | 268627 |

| val/name:              | T:                     | S:                     | M:                     | L:                     | Total |                 
| - | - | - | - | - | - |
| airport                | 0.0                    | 0.0                    | 1.9230769230769231     | 98.07692307692308      | 104 |
| baseball-diamond       | 3.2967032967032965     | 3.2967032967032965     | 65.2014652014652       | 28.205128205128204     | 273 |
| basketball-court       | 0.0                    | 0.0                    | 55.78231292517007      | 44.21768707482993      | 147 |
| bridge                 | 13.186813186813186     | 31.86813186813187      | 42.857142857142854     | 12.087912087912088     | 546 |
| container-crane        | 0.0                    | 0.0                    | 85.71428571428571      | 14.285714285714286     | 14 |
| ground-track-field     | 0.5376344086021505     | 6.451612903225806      | 32.795698924731184     | 60.215053763440864     | 186 |
| harbor                 | 0.6549324600900532     | 20.75317232910356      | 38.108882521489974     | 40.48301268931642      | 2443 |
| helicopter             | 0.0                    | 8.974358974358974      | 51.282051282051285     | 39.743589743589745     | 78 |
| helipad                | 0.0                    | 0.0                    | 100.0                  | 0.0                    | 2 |
| large-vehicle          | 8.061813442561906      | 21.727797430646064     | 65.425432880283        | 4.78495624650903       | 5371 |
| plane                  | 3.4957627118644066     | 14.583333333333334     | 42.23163841807909      | 39.68926553672316      | 2832 |
| roundabout             | 20.614035087719298     | 24.12280701754386      | 47.36842105263158      | 7.894736842105263      | 228 |
| ship                   | 8.36171291935367       | 44.475038040721685     | 44.3083834504746       | 2.8548655894500397     | 13801 |
| small-vehicle          | 54.27869441892054      | 35.41208900962806      | 10.305221525308617     | 0.003995046142782949   | 50062 |
| soccer-ball-field      | 3.9473684210526314     | 15.131578947368421     | 18.42105263157895      | 62.5                   | 152 |
| storage-tank           | 43.40157480314961      | 28.346456692913385     | 26.866141732283463     | 1.3858267716535433     | 3175 |
| swimming-pool          | 27.967097532314924     | 30.19976498237368      | 39.71797884841363      | 2.1151586368977675     | 851 |
| tennis-court           | 0.2554278416347382     | 3.3205619412515963     | 41.63473818646232      | 54.78927203065134      | 783 |
| all                    | 37.78995163359984      | 33.826868028822425     | 23.66375481196328      | 4.719425525614451      | 81048 |

train result:

| category | mAP value | mIoU value |
| - | - | - |
| airport : |                100.00000000000003  | 100.0  |
| baseball-diamond : |       89.51246683954102  | 69.56369467191301  |
| basketball-court : |       59.07146311769317  | 75.46291642598203  |
| bridge : |                 39.82610853644646  | 56.38372633117644  |
| container-crane : |        8.364035491695066  | 42.10669844453753  |
| ground-track-field : |     68.07996199991706  | 67.53797616232144  |
| harbor : |                 35.14043457382641  | 53.15055493701508  |
| helicopter : |             87.15189873417724  | 83.36795262564942  |
| helipad : |                45.436067997043615  | 66.27614830378718  |
| large-vehicle : |          15.395007780120295  | 50.298966976482696  |
| plane : |                  84.2555055199241  | 71.40226045987973  |
| roundabout : |             90.51151179170502  | 98.58799400147498  |
| ship : |                   28.535334970624305  | 57.918445888577494  |
| small-vehicle : |          23.773141511825678  | 61.758771681346744  |
| soccer-ball-field : |      63.888888888888886  | 71.42379934826631  |
| storage-tank : |           90.45962865856923  | 99.51835945880326  |
| swimming-pool : |          55.55703796364092  | 69.24738393239875  |
| tennis-court : |           58.40915740248829  | 69.36949432155126  |
| Total: |                   57.964869543229256  | 70.18750799839796  |

val result:

| category | mAP value | mIoU value |
| - | - | - |
| airport : |                100.00000000000003  | 100.00000000000004  |
| baseball-diamond : |       87.26172574292875  | 68.59863104868641  |
| basketball-court : |       73.2123811171268  | 69.99163751722139  |
| bridge : |                 31.617846099246428  | 53.115365606680996  |
| container-crane : |        23.484848484848484  | 48.38389968188367  |
| ground-track-field : |     61.91269102526174  | 67.83936810507659  |
| harbor : |                 36.10057384879867  | 59.63245560980952  |
| helicopter : |             73.31759149940967  | 75.58489562455414  |
| helipad : |                100.00000000000003  | 71.28523676443605  |
| large-vehicle : |          23.374246705080886  | 55.37850040418768  |
| plane : |                  73.39042099998275  | 74.05415703886948  |
| roundabout : |             90.81081081081082  | 99.22986982854442  |
| ship : |                   25.782551993841558  | 56.924920792914236  |
| small-vehicle : |          23.222679360874693  | 62.02857072489185  |
| soccer-ball-field : |      72.48396879412923  | 72.73367571443421  |
| storage-tank : |           99.96545022673288  | 99.9719858091078  |
| swimming-pool : |          61.15442471728283  | 66.85262443607024  |
| tennis-court : |           61.82297312186139  | 71.88253563639803  |
| Total: |                   62.161954697123214  | 70.74935168576482  |

ori_way:

| train/name:            | T:                     | S:                     | M:                     | L:                     | Total |                 
| - | - | - | - | - | - |
| airport                | 0.0                    | 0.0                    | 3.2679738562091503     | 96.73202614379085      | 306 |
| baseball-diamond       | 2.3121387283236996     | 5.780346820809249      | 66.61849710982659      | 25.289017341040463     | 692 |
| basketball-court       | 0.0                    | 11.170212765957446     | 38.652482269503544     | 50.177304964539005     | 564 |
| bridge                 | 29.07488986784141      | 39.36724068882659      | 26.71205446535843      | 4.845814977973569      | 2497 |
| container-crane        | 3.515625               | 19.140625              | 74.609375              | 2.734375               | 256 |
| ground-track-field     | 0.6024096385542169     | 15.461847389558233     | 29.116465863453815     | 54.81927710843374      | 498 |
| harbor                 | 1.6566031893481963     | 18.749032357950146     | 50.162563864375294     | 29.431800588326368     | 6459 |
| helicopter             | 0.7668711656441718     | 17.791411042944784     | 74.079754601227        | 7.361963190184049      | 652 |
| helipad                | 16.346153846153847     | 76.92307692307692      | 6.730769230769231      | 0.0                    | 104 |
| large-vehicle          | 22.254782254782256     | 36.69108669108669      | 40.83028083028083      | 0.22385022385022385    | 24570 |
| plane                  | 3.3399742177428804     | 7.570608226883863      | 63.588421422711825     | 25.50099613266143      | 8533 |
| roundabout             | 18.72146118721461      | 28.919330289193304     | 43.987823439878234     | 8.37138508371385       | 657 |
| ship                   | 19.59212862497534      | 56.83813375419215      | 22.361412507397908     | 1.2083251134346025     | 40552 |
| small-vehicle          | 73.9454592716875       | 19.895077628376303     | 6.157690762577688      | 0.0017723373585084008  | 169268 |
| soccer-ball-field      | 4.038004750593824      | 9.263657957244655      | 24.70308788598575      | 61.99524940617577      | 421 |
| storage-tank           | 37.26148884708412      | 34.10373555495835      | 25.100779360386994     | 3.5339962375705456     | 7442 |
| swimming-pool          | 7.734342160571669      | 37.78898696931484      | 52.164775115594786     | 2.3118957545187055     | 2379 |
| tennis-court           | 0.4321209938782859     | 16.420597767374865     | 34.96579042131797      | 48.18149081742888      | 2777 |
| all                    | 53.18006008331255      | 27.222505556031226     | 16.693779850871284     | 2.9036545097849435     | 268627 |

| val/name:              | T:                     | S:                     | M:                     | L:                     | Total |                 
| - | - | - | - | - | - |
| airport                | 0.0                    | 0.0                    | 1.9230769230769231     | 98.07692307692308      | 104 |
| baseball-diamond       | 3.663003663003663      | 7.326007326007326      | 63.73626373626374      | 25.274725274725274     | 273 |
| basketball-court       | 0.0                    | 11.564625850340136     | 49.65986394557823      | 38.775510204081634     | 147 |
| bridge                 | 26.73992673992674      | 33.15018315018315      | 36.08058608058608      | 4.029304029304029      | 546 |
| container-crane        | 0.0                    | 0.0                    | 100.0                  | 0.0                    | 14 |
| ground-track-field     | 0.5376344086021505     | 15.591397849462366     | 29.56989247311828      | 54.30107526881721      | 186 |
| harbor                 | 3.0290626279164963     | 24.559967253376996     | 44.28980761358985      | 28.12116250511666      | 2443 |
| helicopter             | 0.0                    | 19.23076923076923      | 47.43589743589744      | 33.333333333333336     | 78 |
| helipad                | 0.0                    | 0.0                    | 100.0                  | 0.0                    | 2 |
| large-vehicle          | 12.772295661887917     | 34.72351517408304      | 52.42971513684603      | 0.07447402718301992    | 5371 |
| plane                  | 8.580508474576272      | 13.100282485875706     | 42.23163841807909      | 36.08757062146893      | 2832 |
| roundabout             | 20.614035087719298     | 24.56140350877193      | 47.36842105263158      | 7.456140350877193      | 228 |
| ship                   | 16.4915585827114       | 63.270777479892764     | 19.208752988913847     | 1.028910948481994      | 13801 |
| small-vehicle          | 76.35531940393912      | 18.383204826015742     | 5.261475770045144      | 0.0                    | 50062 |
| soccer-ball-field      | 7.2368421052631575     | 15.131578947368421     | 21.710526315789473     | 55.921052631578945     | 152 |
| storage-tank           | 43.40157480314961      | 28.346456692913385     | 26.866141732283463     | 1.3858267716535433     | 3175 |
| swimming-pool          | 41.24559341950646      | 33.37250293772033      | 24.324324324324323     | 1.0575793184488838     | 851 |
| tennis-court           | 0.6385696040868455     | 5.108556832694764      | 47.12643678160919      | 47.12643678160919      | 783 |
| all                    | 53.61390780771888      | 27.558977396110947     | 15.42666074425032      | 3.40045405191985       | 81048 |

train result:

| category | mAP value | mIoU value |
| - | - | - |
| airport : |                100.00000000000003  | 100.0  |
| baseball-diamond : |       100.00000000000003  | 93.98141771710706  |
| basketball-court : |       100.00000000000003  | 97.3306466947284  |
| bridge : |                 90.78621828558417  | 92.41027477889241  |
| container-crane : |        100.00000000000003  | 93.13154986118808  |
| ground-track-field : |     100.00000000000003  | 96.32701331925175  |
| harbor : |                 99.99283954860515  | 95.36514411470232  |
| helicopter : |             100.00000000000003  | 94.25246259952155  |
| helipad : |                100.00000000000003  | 93.981682921553  |
| large-vehicle : |          90.88988939164501  | 93.22793274847425  |
| plane : |                  90.89145150265693  | 95.3720397456206  |
| roundabout : |             100.00000000000003  | 99.84379139560548  |
| ship : |                   90.9018147186762  | 93.43834315103052  |
| small-vehicle : |          90.89980683681512  | 89.57929509675408  |
| soccer-ball-field : |      100.00000000000003  | 97.46978911132922  |
| storage-tank : |           100.00000000000003  | 99.90596031781783  |
| swimming-pool : |          100.00000000000003  | 93.02734588416837  |
| tennis-court : |           100.00000000000003  | 97.70273529385653  |
| Total: |                   97.46455668244349  | 95.35263470842233  |

val result:

| category | mAP value | mIoU value |
| - | - | - |
| airport : |                100.00000000000003  | 100.00000000000004  |
| baseball-diamond : |       100.00000000000003  | 95.01342442665265  |
| basketball-court : |       100.00000000000003  | 97.31052545642665  |
| bridge : |                 90.87129087129088  | 92.7260926187796  |
| container-crane : |        100.00000000000003  | 91.3094079670006  |
| ground-track-field : |     100.00000000000003  | 96.47602052815004  |
| harbor : |                 99.95886454387602  | 95.43979105001478  |
| helicopter : |             100.00000000000003  | 95.01526812027572  |
| helipad : |                100.00000000000003  | 93.49851867989197  |
| large-vehicle : |          100.00000000000003  | 94.17699938203268  |
| plane : |                  90.89146603687125  | 95.54765233999296  |
| roundabout : |             100.00000000000003  | 99.82252742982985  |
| ship : |                   99.99525236051687  | 93.88180016972113  |
| small-vehicle : |          99.97334677908938  | 89.0993471033521  |
| soccer-ball-field : |      99.60899315738028  | 97.43127856065946  |
| storage-tank : |           100.00000000000003  | 99.9933057551439  |
| swimming-pool : |          90.90909090909093  | 90.26330243805627  |
| tennis-court : |           100.00000000000003  | 98.16443480243527  |
| Total: |                   98.45601692545087  | 95.28720537935644  |

| category | mAP value |
| - | - |
| plane ap: |                1.6864074677469068  |
| baseball-diamond ap: |     0.2457002457002457  |
| bridge ap: |               0.0004887322773457928  |
| ground-track-field ap: |   0.042283298097251586  |
| small-vehicle ap: |        0.024146663116900807  |
| large-vehicle ap: |        0.06739145515990605  |
| ship ap: |                 0.06390797251957181  |
| tennis-court ap: |         1.1363636363636365  |
| basketball-court ap: |     0.5509641873278237  |
| storage-tank ap: |         0.8658008658008658  |
| soccer-ball-field ap: |    0.07272727272727274  |
| roundabout ap: |           0.023736055067647758  |
| harbor ap: |               0.05248614520137699  |
| swimming-pool ap: |        0.012626262626262626  |
| helicopter ap: |           7.003841229193343  |
| map: |                   0.7405544680578974  |
