| train/name:            | T:                     | S:                     | M:                     | L:                     | Total |                 
| - | - | - | - | - | - |
| airport                | 0.0                    | 0.0                    | 3.2679738562091503     | 96.73202614379085      | 306 |
| baseball-diamond       | 2.3121387283236996     | 4.190751445086705      | 67.34104046242774      | 26.15606936416185      | 692 |
| basketball-court       | 0.0                    | 10.99290780141844      | 38.829787234042556     | 50.177304964539005     | 564 |
| bridge                 | 27.432919503404086     | 39.68762515018022      | 27.99359231077293      | 4.885863035642771      | 2497 |
| container-crane        | 3.515625               | 17.578125              | 75.390625              | 3.515625               | 256 |
| ground-track-field     | 0.6024096385542169     | 14.457831325301205     | 29.31726907630522      | 55.622489959839356     | 498 |
| harbor                 | 1.517262734169376      | 17.727202353305465     | 50.34835113794705      | 30.407183774578108     | 6459 |
| helicopter             | 0.7668711656441718     | 15.644171779141104     | 75.61349693251533      | 7.975460122699387      | 652 |
| helipad                | 14.423076923076923     | 78.84615384615384      | 6.730769230769231      | 0.0                    | 104 |
| large-vehicle          | 20.777370777370777     | 36.74806674806675      | 42.234432234432234     | 0.24013024013024012    | 24570 |
| plane                  | 3.0001171920778154     | 6.656510019922653      | 64.18610101957108      | 26.157271768428455     | 8533 |
| roundabout             | 18.72146118721461      | 28.919330289193304     | 43.83561643835616      | 8.52359208523592       | 657 |
| ship                   | 17.74018544091537      | 56.37946340501085      | 24.59311501282304      | 1.2872361412507398     | 40552 |
| small-vehicle          | 72.36926058085403      | 21.078998983859915     | 6.549968097927547      | 0.0017723373585084008  | 169268 |
| soccer-ball-field      | 3.5629453681710213     | 9.738717339667458      | 23.51543942992874      | 63.18289786223278      | 421 |
| storage-tank           | 37.23461435098092      | 34.10373555495835      | 25.12765385649019      | 3.5339962375705456     | 7442 |
| swimming-pool          | 7.103825136612022      | 33.417402269861284     | 56.99873896595208      | 2.480033627574611      | 2379 |
| tennis-court           | 0.3601008282319049     | 16.168527187612533     | 35.25387108390349      | 48.21750090025207      | 2777 |
| all                    | 51.73418904279912      | 27.801002877596073     | 17.493029367859524     | 2.9717787117452823     | 268627 |
| val/name:              | T:                     | S:                     | M:                     | L:                     | Total |                 
| - | - | - | - | - | - |
| airport                | 0.0                    | 0.0                    | 1.9230769230769231     | 98.07692307692308      | 104 |
| baseball-diamond       | 3.663003663003663      | 5.86080586080586       | 65.2014652014652       | 25.274725274725274     | 273 |
| basketball-court       | 0.0                    | 10.204081632653061     | 51.02040816326531      | 38.775510204081634     | 147 |
| bridge                 | 25.274725274725274     | 33.88278388278388      | 36.81318681318681      | 4.029304029304029      | 546 |
| container-crane        | 0.0                    | 0.0                    | 100.0                  | 0.0                    | 14 |
| ground-track-field     | 0.5376344086021505     | 13.978494623655914     | 30.64516129032258      | 54.83870967741935      | 186 |
| harbor                 | 2.5787965616045847     | 24.027834629553826     | 44.49447400736799      | 28.8988948014736       | 2443 |
| helicopter             | 0.0                    | 15.384615384615385     | 51.282051282051285     | 33.333333333333336     | 78 |
| helipad                | 0.0                    | 0.0                    | 100.0                  | 0.0                    | 2 |
| large-vehicle          | 12.157884937628003     | 33.699497300316516     | 54.068143734872464     | 0.07447402718301992    | 5371 |
| plane                  | 8.015536723163843      | 12.5                   | 43.255649717514125     | 36.228813559322035     | 2832 |
| roundabout             | 20.614035087719298     | 24.56140350877193      | 46.92982456140351      | 7.894736842105263      | 228 |
| ship                   | 14.325048909499312     | 64.21273820737628      | 20.331860010144194     | 1.1303528729802188     | 13801 |
| small-vehicle          | 74.27789540969198      | 19.95525548320083      | 5.766849107107187      | 0.0                    | 50062 |
| soccer-ball-field      | 7.2368421052631575     | 15.131578947368421     | 21.05263157894737      | 56.578947368421055     | 152 |
| storage-tank           | 43.40157480314961      | 28.346456692913385     | 26.866141732283463     | 1.3858267716535433     | 3175 |
| swimming-pool          | 39.71797884841363      | 30.434782608695652     | 28.672150411280846     | 1.1750881316098707     | 851 |
| tennis-court           | 0.6385696040868455     | 5.108556832694764      | 47.12643678160919      | 47.12643678160919      | 783 |
| all                    | 51.861859638732604     | 28.54481295035041      | 16.142286052709505     | 3.451041358207482      | 81048 |
