| train/name:            | T:                     | S:                     | M:                     | L:                     | Total |                 
| - | - | - | - | - | - |
| airport                | 0.0                    | 0.0                    | 3.2679738562091503     | 96.73202614379085      | 306 |
| baseball-diamond       | 2.3121387283236996     | 4.190751445086705      | 67.34104046242774      | 26.15606936416185      | 692 |
| basketball-court       | 0.0                    | 10.99290780141844      | 38.829787234042556     | 50.177304964539005     | 564 |
| bridge                 | 27.432919503404086     | 39.68762515018022      | 27.99359231077293      | 4.885863035642771      | 2497 |
| container-crane        | 3.515625               | 17.578125              | 75.390625              | 3.515625               | 256 |
| ground-track-field     | 0.6024096385542169     | 14.457831325301205     | 29.31726907630522      | 55.622489959839356     | 498 |
| harbor                 | 1.517262734169376      | 17.727202353305465     | 50.34835113794705      | 30.407183774578108     | 6459 |
| helicopter             | 0.7668711656441718     | 15.644171779141104     | 75.61349693251533      | 7.975460122699387      | 652 |
| helipad                | 14.423076923076923     | 78.84615384615384      | 6.730769230769231      | 0.0                    | 104 |
| large-vehicle          | 20.777370777370777     | 36.74806674806675      | 42.234432234432234     | 0.24013024013024012    | 24570 |
| plane                  | 3.0001171920778154     | 6.656510019922653      | 64.18610101957108      | 26.157271768428455     | 8533 |
| roundabout             | 18.72146118721461      | 28.919330289193304     | 43.83561643835616      | 8.52359208523592       | 657 |
| ship                   | 17.74018544091537      | 56.37946340501085      | 24.59311501282304      | 1.2872361412507398     | 40552 |
| small-vehicle          | 72.36926058085403      | 21.078998983859915     | 6.549968097927547      | 0.0017723373585084008  | 169268 |
| soccer-ball-field      | 3.5629453681710213     | 9.738717339667458      | 23.51543942992874      | 63.18289786223278      | 421 |
| storage-tank           | 37.23461435098092      | 34.10373555495835      | 25.12765385649019      | 3.5339962375705456     | 7442 |
| swimming-pool          | 7.103825136612022      | 33.417402269861284     | 56.99873896595208      | 2.480033627574611      | 2379 |
| tennis-court           | 0.3601008282319049     | 16.168527187612533     | 35.25387108390349      | 48.21750090025207      | 2777 |
| all                    | 51.73418904279912      | 27.801002877596073     | 17.493029367859524     | 2.9717787117452823     | 268627 |

| val/name:              | T:                     | S:                     | M:                     | L:                     | Total |
