
| train/name:            | T:                     | S:                     | M:                     | L:                     | Total |                 
| - | - | - | - | - | - |
| plane                  | 2.07324643078833       | 6.666666666666667      | 64.18373680943513      | 27.07635009310987      | 8055 |
| baseball-diamond       | 0.0                    | 3.855421686746988      | 54.45783132530121      | 41.68674698795181      | 415 |
| bridge                 | 30.6790425012213       | 39.42354665363947      | 26.868588177821202     | 3.0288226673180265     | 2047 |
| ground-track-field     | 0.6153846153846154     | 11.076923076923077     | 28.0                   | 60.30769230769231      | 325 |
| small-vehicle          | 15.94197351297558      | 80.37204317538085      | 3.6859833116435734     | 0.0                    | 26126 |
| large-vehicle          | 4.478755377453003      | 39.61341269373563      | 55.90783192881136      | 0.0                    | 16969 |
| ship                   | 9.690751033205073      | 65.26293287729798      | 23.884851075958387     | 1.1614650135385491     | 28068 |
| tennis-court           | 0.4224757076468103     | 5.280946345585129      | 38.86776510350655      | 55.42881284326151      | 2367 |
| basketball-court       | 0.0                    | 9.70873786407767       | 39.029126213592235     | 51.262135922330096     | 515 |
| storage-tank           | 26.207993636905947     | 39.073374428315766     | 30.02585006959634      | 4.692781865181945      | 5029 |
| soccer-ball-field      | 5.214723926380368      | 9.50920245398773       | 17.484662576687118     | 67.79141104294479      | 326 |
| roundabout             | 1.2531328320802004     | 17.04260651629073      | 68.92230576441102      | 12.781954887218046     | 399 |
| harbor                 | 0.9359852916597025     | 19.872973424703325     | 50.50977770349323      | 28.681263580143742     | 5983 |
| swimming-pool          | 1.4976958525345623     | 34.15898617511521      | 61.75115207373272      | 2.5921658986175116     | 1736 |
| helicopter             | 0.0                    | 16.984126984126984     | 75.39682539682539      | 7.619047619047619      | 630 |
| all                    | 9.97474492372967       | 52.088089706030914     | 31.03646833013436      | 6.900697040105061      | 98990 |

img:1411, ins:98990

| val/name:              | T:                     | S:                     | M:                     | L:                     | Total |                 
| - | - | - | - | - | - |
| plane                  | 3.871987356775978      | 12.959304622678783     | 43.22402212564204      | 39.9446858949032       | 2531 |
| baseball-diamond       | 0.0                    | 8.878504672897197      | 60.2803738317757       | 30.8411214953271       | 214 |
| bridge                 | 26.50862068965517      | 33.62068965517241      | 34.48275862068966      | 5.387931034482759      | 464 |
| ground-track-field     | 0.0                    | 11.11111111111111      | 34.02777777777778      | 54.861111111111114     | 144 |
| small-vehicle          | 22.103714600956234     | 74.47591026112542      | 3.4203751379183522     | 0.0                    | 5438 |
| large-vehicle          | 3.6927285160702072     | 35.787554137223616     | 60.51971734670618      | 0.0                    | 4387 |
| ship                   | 2.779017857142857      | 70.84821428571429      | 25.368303571428573     | 1.0044642857142858     | 8960 |
| tennis-court           | 0.6578947368421053     | 4.078947368421052      | 46.44736842105263      | 48.81578947368421      | 760 |
| basketball-court       | 0.0                    | 11.363636363636363     | 50.75757575757576      | 37.878787878787875     | 132 |
| storage-tank           | 39.958448753462605     | 30.12465373961219      | 28.42797783933518      | 1.4889196675900278     | 2888 |
| soccer-ball-field      | 7.189542483660131      | 15.032679738562091     | 20.915032679738562     | 56.86274509803921      | 153 |
| roundabout             | 7.262569832402234      | 22.905027932960895     | 61.452513966480446     | 8.379888268156424      | 179 |
| harbor                 | 0.04784688995215311    | 21.72248803827751      | 48.94736842105263      | 29.282296650717704     | 2090 |
| swimming-pool          | 29.545454545454547     | 34.77272727272727      | 34.31818181818182      | 1.3636363636363635     | 440 |
| helicopter             | 0.0                    | 15.068493150684931     | 45.205479452054796     | 39.726027397260275     | 73 |
| all                    | 10.910477246733443     | 48.81641423768759      | 31.66395175545004      | 8.60915676012893       | 28853 |

img:458, ins:28853

train result:

| category | mIoU value | mAP value |
| - | - | - |
| plane : |                  95.21814883182532  | 90.89069989310224  |
| baseball-diamond : |       93.801590218744  | 100.00000000000003  |
| bridge : |                 91.70844603365768  | 90.16277976031448  |
| ground-track-field : |     96.51190252636106  | 100.00000000000003  |
| small-vehicle : |          93.67801327085817  | 90.90676794777985  |
| large-vehicle : |          94.01526280032068  | 90.89362548260415  |
| ship : |                   94.07113117985212  | 90.89518469708068  |
| tennis-court : |           98.15886302722834  | 99.98804352158145  |
| basketball-court : |       97.48317242688493  | 100.00000000000003  |
| storage-tank : |           99.91918908334956  | 100.00000000000003  |
| soccer-ball-field : |      97.28171971646573  | 100.00000000000003  |
| roundabout : |             99.85699079539746  | 100.00000000000003  |
| harbor : |                 94.37298348763218  | 90.43460120334639  |
| swimming-pool : |          92.65087605385027  | 90.90352391025999  |
| helicopter : |             94.2524301875467  | 100.00000000000003  |
| Total: |                   95.5320479759983  | 95.6716817610713  |

val result:

| category | mIoU value | mAP value |
| - | - | - |
| plane : |                  95.29472688852503  | 90.88682745825604  |
| baseball-diamond : |       94.68716127204392  | 100.00000000000003  |
| bridge : |                 90.84257538631937  | 89.32910284498313  |
| ground-track-field : |     96.16891658592225  | 90.63150589868148  |
| small-vehicle : |          93.78703071956146  | 100.00000000000003  |
| large-vehicle : |          93.91456641849831  | 100.00000000000003  |
| ship : |                   94.59198032908076  | 90.88654182766233  |
| tennis-court : |           98.22651064198152  | 100.00000000000003  |
| basketball-court : |       97.40579473212723  | 100.00000000000003  |
| storage-tank : |           99.99292225920392  | 100.00000000000003  |
| soccer-ball-field : |      96.87700404865521  | 99.89669421487606  |
| roundabout : |             99.7909025047096  | 100.00000000000003  |
| harbor : |                 94.52815973804498  | 90.0865114438472  |
| swimming-pool : |          88.33424425108458  | 90.80973671137606  |
| helicopter : |             94.06059221562609  | 100.00000000000003  |
| Total: |                   95.23353919942562  | 96.16846135997883  |

| category | mAP value |
| - | - |
| plane ap: |                88.85367149740912  |
| baseball-diamond ap: |     61.314608361598566  |
| bridge ap: |               34.31716354041645  |
| ground-track-field ap: |   48.66278609093642  |
| small-vehicle ap: |        40.27631964922126  |
| large-vehicle ap: |        50.20473773584908  |
| ship ap: |                 52.685872561555044  |
| tennis-court ap: |         81.74054942762844  |
| basketball-court ap: |     55.82256753803776  |
| storage-tank ap: |         80.0194489945342  |
| soccer-ball-field ap: |    64.54107221765665  |
| roundabout ap: |           65.42106570071306  |
| harbor ap: |               65.23131899148568  |
| swimming-pool ap: |        52.91311072766669  |
| helicopter ap: |           30.895046341251508  |
| map: |                   58.193289291730665  |
