| train/name:            | T:                     | S:                     | M:                     | L:                     | Total |                 
| - | - | - | - | - | - |
| plane                  | 2.07324643078833       | 6.666666666666667      | 64.18373680943513      | 27.07635009310987      | 8055 |
| baseball-diamond       | 0.0                    | 3.855421686746988      | 54.45783132530121      | 41.68674698795181      | 415 |
| bridge                 | 30.6790425012213       | 39.42354665363947      | 26.868588177821202     | 3.0288226673180265     | 2047 |
| ground-track-field     | 0.6153846153846154     | 11.076923076923077     | 28.0                   | 60.30769230769231      | 325 |
| small-vehicle          | 15.94197351297558      | 80.37204317538085      | 3.6859833116435734     | 0.0                    | 26126 |
| large-vehicle          | 4.478755377453003      | 39.61341269373563      | 55.90783192881136      | 0.0                    | 16969 |
| ship                   | 9.690751033205073      | 65.26293287729798      | 23.884851075958387     | 1.1614650135385491     | 28068 |
| tennis-court           | 0.4224757076468103     | 5.280946345585129      | 38.86776510350655      | 55.42881284326151      | 2367 |
| basketball-court       | 0.0                    | 9.70873786407767       | 39.029126213592235     | 51.262135922330096     | 515 |
| storage-tank           | 26.207993636905947     | 39.073374428315766     | 30.02585006959634      | 4.692781865181945      | 5029 |
| soccer-ball-field      | 5.214723926380368      | 9.50920245398773       | 17.484662576687118     | 67.79141104294479      | 326 |
| roundabout             | 1.2531328320802004     | 17.04260651629073      | 68.92230576441102      | 12.781954887218046     | 399 |
| harbor                 | 0.9359852916597025     | 19.872973424703325     | 50.50977770349323      | 28.681263580143742     | 5983 |
| swimming-pool          | 1.4976958525345623     | 34.15898617511521      | 61.75115207373272      | 2.5921658986175116     | 1736 |
| helicopter             | 0.0                    | 16.984126984126984     | 75.39682539682539      | 7.619047619047619      | 630 |
| all                    | 9.97474492372967       | 52.088089706030914     | 31.03646833013436      | 6.900697040105061      | 98990 |

img:1411, ins:98990

| val/name:              | T:                     | S:                     | M:                     | L:                     | Total |                 
| - | - | - | - | - | - |
| plane                  | 3.871987356775978      | 12.959304622678783     | 43.22402212564204      | 39.9446858949032       | 2531 |
| baseball-diamond       | 0.0                    | 8.878504672897197      | 60.2803738317757       | 30.8411214953271       | 214 |
| bridge                 | 26.50862068965517      | 33.62068965517241      | 34.48275862068966      | 5.387931034482759      | 464 |
| ground-track-field     | 0.0                    | 11.11111111111111      | 34.02777777777778      | 54.861111111111114     | 144 |
| small-vehicle          | 22.103714600956234     | 74.47591026112542      | 3.4203751379183522     | 0.0                    | 5438 |
| large-vehicle          | 3.6927285160702072     | 35.787554137223616     | 60.51971734670618      | 0.0                    | 4387 |
| ship                   | 2.779017857142857      | 70.84821428571429      | 25.368303571428573     | 1.0044642857142858     | 8960 |
| tennis-court           | 0.6578947368421053     | 4.078947368421052      | 46.44736842105263      | 48.81578947368421      | 760 |
| basketball-court       | 0.0                    | 11.363636363636363     | 50.75757575757576      | 37.878787878787875     | 132 |
| storage-tank           | 39.958448753462605     | 30.12465373961219      | 28.42797783933518      | 1.4889196675900278     | 2888 |
| soccer-ball-field      | 7.189542483660131      | 15.032679738562091     | 20.915032679738562     | 56.86274509803921      | 153 |
| roundabout             | 7.262569832402234      | 22.905027932960895     | 61.452513966480446     | 8.379888268156424      | 179 |
| harbor                 | 0.04784688995215311    | 21.72248803827751      | 48.94736842105263      | 29.282296650717704     | 2090 |
| swimming-pool          | 29.545454545454547     | 34.77272727272727      | 34.31818181818182      | 1.3636363636363635     | 440 |
| helicopter             | 0.0                    | 15.068493150684931     | 45.205479452054796     | 39.726027397260275     | 73 |
| all                    | 10.910477246733443     | 48.81641423768759      | 31.66395175545004      | 8.60915676012893       | 28853 |

img:458, ins:28853

train result:

| category | mIoU value | mAP value |
| - | - | - |
| plane : |                  71.60984775907998  | 84.36218879977274  |
| baseball-diamond : |       69.61781195381587  | 87.9623211588021  |
| bridge : |                 57.07060098151684  | 39.98322326597244  |
| ground-track-field : |     69.37742546848816  | 58.98663036727182  |
| small-vehicle : |          60.67137461133784  | 34.55760475961887  |
| large-vehicle : |          49.547676716079394  | 14.554024149475826  |
| ship : |                   58.87993745265094  | 31.6170513171619  |
| tennis-court : |           70.24246781892872  | 57.32290308561495  |
| basketball-court : |       76.63811534455748  | 57.64993354344053  |
| storage-tank : |           99.61073812814153  | 90.68543285740104  |
| soccer-ball-field : |      73.45333991403542  | 64.0784695974288  |
| roundabout : |             98.32127927764228  | 90.68565248706636  |
| harbor : |                 52.93223730311032  | 35.446367945517565  |
| swimming-pool : |          71.1232380341617  | 55.787295016717074  |
| helicopter : |             83.75131331094565  | 87.21904884844182  |
| Total: |                 70.85649360496615  | 59.3932098133136  |

val result:

| category | mIoU value | mAP value |
| - | - | - |
| plane : |                  75.67385366889829  | 75.30955368614582  |
| baseball-diamond : |       69.40906180100309  | 88.95235780262519  |
| bridge : |                 52.97621849513634  | 33.79669262036713  |
| ground-track-field : |     68.49388613011396  | 59.448845553545816  |
| small-vehicle : |          68.63973584722103  | 46.535515718061916  |
| large-vehicle : |          55.37772898565745  | 24.331596561091775  |
| ship : |                   57.86425419610299  | 25.86073802363511  |
| tennis-court : |           72.11197579679278  | 62.25108599830078  |
| basketball-court : |       70.98619729707865  | 73.72559148262027  |
| storage-tank : |           99.97790552704735  | 100.00000000000003  |
| soccer-ball-field : |      73.25038964586483  | 72.445307483585  |
| roundabout : |             99.08171771299772  | 90.79822616407984  |
| harbor : |                 60.45002398798468  | 37.196828087809095  |
| swimming-pool : |          70.02209888505313  | 72.84974080435  |
| helicopter : |             75.97608433549236  | 73.93048128342247  |
| Total: |                 71.35274215416298  | 62.49550408464268  |
