| train/name:            | T:                     | S:                     | M:                     | L:                     | Total |                 
| - | - | - | - | - | - |
| plane                  | 10.167597765363128     | 7.262569832402234      | 57.268777157045314     | 25.301055245189325     | 8055 |
| baseball-diamond       | 5.783132530120482      | 4.819277108433735      | 51.80722891566265      | 37.59036144578313      | 415 |
| bridge                 | 37.22520762090865      | 36.34587200781632      | 23.790913531998047     | 2.638006839276991      | 2047 |
| ground-track-field     | 18.153846153846153     | 5.230769230769231      | 27.076923076923077     | 49.53846153846154      | 325 |
| small-vehicle          | 21.721656587307663     | 74.3206001684146       | 3.957743244277731      | 0.0                    | 26126 |
| large-vehicle          | 10.25988567387589      | 36.01272909423066      | 53.72738523189345      | 0.0                    | 16969 |
| ship                   | 15.818725951261223     | 60.446059569616644     | 22.598688898389625     | 1.1365255807325068     | 28068 |
| tennis-court           | 7.900295732995353      | 4.140261934938741      | 35.868187579214194     | 52.09125475285171      | 2367 |
| basketball-court       | 32.42718446601942      | 9.320388349514563      | 27.766990291262136     | 30.485436893203882     | 515 |
| storage-tank           | 98.76715052694372      | 0.2585006959634122     | 0.914694770332074      | 0.059654006760787436   | 5029 |
| soccer-ball-field      | 18.098159509202453     | 5.214723926380368      | 16.87116564417178      | 59.8159509202454       | 326 |
| roundabout             | 95.98997493734336      | 0.2506265664160401     | 3.2581453634085213     | 0.5012531328320802     | 399 |
| harbor                 | 4.546214273775698      | 19.37155273274277      | 48.11967240514792      | 27.962560588333613     | 5983 |
| swimming-pool          | 32.6036866359447       | 27.592165898617512     | 37.154377880184335     | 2.6497695852534564     | 1736 |
| helicopter             | 28.41269841269841      | 18.571428571428573     | 46.03174603174603      | 6.984126984126984      | 630 |
| all                    | 20.507121931508234     | 46.25921810283867      | 27.090615213657944     | 6.143044751995151      | 98990 |

img:1411, ins:98990

| val/name:              | T:                     | S:                     | M:                     | L:                     | Total |                 
| - | - | - | - | - | - |
| plane                  | 14.42117740023706      | 13.07783484788621      | 39.70762544448834      | 32.793362307388385     | 2531 |
| baseball-diamond       | 4.205607476635514      | 8.411214953271028      | 60.2803738317757       | 27.102803738317757     | 214 |
| bridge                 | 32.758620689655174     | 29.094827586206897     | 33.4051724137931       | 4.741379310344827      | 464 |
| ground-track-field     | 15.972222222222221     | 8.333333333333334      | 25.0                   | 50.69444444444444      | 144 |
| small-vehicle          | 39.00331004045605      | 57.1717543214417       | 3.8249356381022435     | 0.0                    | 5438 |
| large-vehicle          | 11.078185548210623     | 32.34556644631867      | 56.57624800547071      | 0.0                    | 4387 |
| ship                   | 10.982142857142858     | 63.370535714285715     | 24.720982142857142     | 0.9263392857142857     | 8960 |
| tennis-court           | 8.552631578947368      | 1.7105263157894737     | 43.81578947368421      | 45.921052631578945     | 760 |
| basketball-court       | 18.939393939393938     | 11.363636363636363     | 37.878787878787875     | 31.818181818181817     | 132 |
| storage-tank           | 99.86149584487535      | 0.0                    | 0.13850415512465375    | 0.0                    | 2888 |
| soccer-ball-field      | 22.22222222222222      | 9.803921568627452      | 16.99346405228758      | 50.98039215686274      | 153 |
| roundabout             | 97.76536312849161      | 0.5586592178770949     | 1.1173184357541899     | 0.5586592178770949     | 179 |
| harbor                 | 10.909090909090908     | 16.363636363636363     | 44.5933014354067       | 28.13397129186603      | 2090 |
| swimming-pool          | 41.59090909090909      | 25.90909090909091      | 31.136363636363637     | 1.3636363636363635     | 440 |
| helicopter             | 17.80821917808219      | 21.91780821917808      | 27.397260273972602     | 32.87671232876713      | 73 |
| all                    | 26.849894291754758     | 38.879839184833465     | 26.80483831837244      | 7.465428205039338      | 28853 |

img:458, ins:28853

train result:

| category | mIoU value | mAP value |
| - | - | - |
| plane : |                  83.68708832456217  | 85.071082961597  |
| baseball-diamond : |       83.68829796447261  | 85.36096256684492  |
| bridge : |                 76.14418239326464  | 73.66024264722768  |
| ground-track-field : |     73.87821526174133  | 67.1734408935774  |
| small-vehicle : |          80.09406067825115  | 83.39464282495683  |
| large-vehicle : |          82.90294904378567  | 86.14178869862644  |
| ship : |                   82.39701990722206  | 84.4245959025467  |
| tennis-court : |           86.77661116757747  | 84.67085515594204  |
| basketball-court : |       61.84574444532215  | 46.86520376175548  |
| storage-tank : |           1.123184182770276  | 1.2987012987012987  |
| soccer-ball-field : |      78.69893298561004  | 74.5144495144495  |
| roundabout : |             3.6167860978831055  | 0.522466039707419  |
| harbor : |                 85.82350440820535  | 87.89234693974649  |
| swimming-pool : |          57.85705098727444  | 51.19120111697484  |
| helicopter : |             57.09115660821118  | 47.76882742965056  |
| Total: |                   66.37498563041024  | 63.996720516820304  |

val result:

| category | mIoU value | mAP value |
| - | - | - |
| plane : |                  80.08595731175501  | 73.34165121280873  |
| baseball-diamond : |       87.22397103234061  | 87.90525259167377  |
| bridge : |                 78.55692541367299  | 84.90237372418324  |
| ground-track-field : |     75.7252804191666  | 69.4806757998862  |
| small-vehicle : |          70.22723848626046  | 64.06330771717366  |
| large-vehicle : |          81.49829447287891  | 85.11597458581436  |
| ship : |                   81.2008547624458  | 85.9786872978199  |
| tennis-court : |           86.49953177082979  | 86.32583519306458  |
| basketball-court : |       74.4562962109191  | 71.5323729094221  |
| storage-tank : |           0.1303665657521555  | 0.03772161448509996  |
| soccer-ball-field : |      78.24995598081802  | 79.79588582638353  |
| roundabout : |             1.8685833642393561  | 9.090909090909092  |
| harbor : |                 79.14903864601132  | 73.81635363080593  |
| swimming-pool : |          65.96608584941816  | 66.632793898872  |
| helicopter : |             70.60385903096737  | 62.61873831043793  |
| Total: |                   67.42948262116504  | 66.70923556024934  |
