| train/name:            | T:                     | S:                     | M:                     | L:                     | Total |                 
| - | - | - | - | - | - |
| plane                  | 0.6828057107386716     | 4.158907510862818      | 59.292364990689016     | 35.865921787709496     | 8055 |
| baseball-diamond       | 0.0                    | 1.2048192771084338     | 50.8433734939759       | 47.95180722891566      | 415 |
| bridge                 | 15.192965315095261     | 39.17928676111382      | 37.51831949193942      | 8.10942843185149       | 2047 |
| ground-track-field     | 0.3076923076923077     | 7.384615384615385      | 20.307692307692307     | 72.0                   | 325 |
| small-vehicle          | 6.985378550103345      | 44.0327642961035       | 48.97802954910817      | 0.0038276046849881344  | 26126 |
| large-vehicle          | 1.7502504567151864     | 17.38464258353468      | 74.28840827391124      | 6.576698685838883      | 16969 |
| ship                   | 4.73492945703292       | 41.29970072680633      | 50.880005700441785     | 3.0853641157189684     | 28068 |
| tennis-court           | 0.38022813688212925    | 3.041825095057034      | 36.88212927756654      | 59.6958174904943       | 2367 |
| basketball-court       | 0.0                    | 4.271844660194175      | 36.50485436893204      | 59.22330097087379      | 515 |
| storage-tank           | 26.207993636905947     | 39.053489759395504     | 29.827003380393716     | 4.911513223304832      | 5029 |
| soccer-ball-field      | 3.9877300613496933     | 9.815950920245399      | 9.815950920245399      | 76.38036809815951      | 326 |
| roundabout             | 1.2531328320802004     | 16.791979949874687     | 68.67167919799499      | 13.283208020050125     | 399 |
| harbor                 | 0.01671402306535183    | 9.343138893531673      | 44.77686779207755      | 45.86327929132542      | 5983 |
| swimming-pool          | 0.6336405529953917     | 12.557603686635945     | 79.8963133640553       | 6.912442396313364      | 1736 |
| helicopter             | 0.0                    | 10.476190476190476     | 80.15873015873017      | 9.365079365079366      | 630 |
| all                    | 5.22780078795838       | 30.520254571168806     | 53.48216991615315      | 10.76977472471967      | 98990 |

img:1411, ins:98990

| val/name:              | T:                     | S:                     | M:                     | L:                     | Total |                 
| - | - | - | - | - | - |
| plane                  | 2.133544053733702      | 10.94429079415251      | 43.14500197550375      | 43.77716317661004      | 2531 |
| baseball-diamond       | 0.0                    | 3.7383177570093458     | 62.149532710280376     | 34.11214953271028      | 214 |
| bridge                 | 11.422413793103448     | 33.62068965517241      | 41.37931034482759      | 13.577586206896552     | 464 |
| ground-track-field     | 0.0                    | 4.861111111111111      | 32.638888888888886     | 62.5                   | 144 |
| small-vehicle          | 8.992276572269217      | 59.764619345347555     | 31.24310408238323      | 0.0                    | 5438 |
| large-vehicle          | 1.39047184864372       | 19.945292910873032     | 73.30749943013448      | 5.3567358103487575     | 4387 |
| ship                   | 0.390625               | 39.43080357142857      | 57.1875                | 2.9910714285714284     | 8960 |
| tennis-court           | 0.2631578947368421     | 2.6315789473684212     | 40.526315789473685     | 56.578947368421055     | 760 |
| basketball-court       | 0.0                    | 0.0                    | 56.06060606060606      | 43.93939393939394      | 132 |
| storage-tank           | 39.958448753462605     | 30.12465373961219      | 28.42797783933518      | 1.4889196675900278     | 2888 |
| soccer-ball-field      | 3.9215686274509802     | 15.032679738562091     | 18.30065359477124      | 62.745098039215684     | 153 |
| roundabout             | 7.262569832402234      | 22.3463687150838       | 61.452513966480446     | 8.938547486033519      | 179 |
| harbor                 | 0.0                    | 16.363636363636363     | 41.196172248803826     | 42.44019138755981      | 2090 |
| swimming-pool          | 24.09090909090909      | 21.818181818181817     | 51.36363636363637      | 2.727272727272727      | 440 |
| helicopter             | 0.0                    | 8.219178082191782      | 52.054794520547944     | 39.726027397260275     | 73 |
| all                    | 6.838110421793227      | 32.93591654247392      | 48.41437632135307      | 11.811596714379787     | 28853 |

img:458, ins:28853

train result:

| category | mIoU value | mAP value |
| - | - | - |
| plane : |                  71.60984775907998  | 84.36218879977274  |
| baseball-diamond : |       69.61781195381587  | 87.9623211588021  |
| bridge : |                 57.07060098151684  | 39.98322326597244  |
| ground-track-field : |     69.37742546848816  | 58.98663036727182  |
| small-vehicle : |          60.67137461133784  | 34.55760475961887  |
| large-vehicle : |          49.547676716079394  | 14.554024149475826  |
| ship : |                   58.87993745265094  | 31.6170513171619  |
| tennis-court : |           70.24246781892872  | 57.32290308561495  |
| basketball-court : |       76.63811534455748  | 57.64993354344053  |
| storage-tank : |           99.61073812814153  | 90.68543285740104  |
| soccer-ball-field : |      73.45333991403542  | 64.0784695974288  |
| roundabout : |             98.32127927764228  | 90.68565248706636  |
| harbor : |                 52.93223730311032  | 35.446367945517565  |
| swimming-pool : |          71.1232380341617  | 55.787295016717074  |
| helicopter : |             83.75131331094565  | 87.21904884844182  |
| Total: |                 70.85649360496615  | 59.3932098133136  |

val result:

| category | mIoU value | mAP value |
| - | - | - |
| plane : |                  75.67385366889829  | 75.30955368614582  |
| baseball-diamond : |       69.40906180100309  | 88.95235780262519  |
| bridge : |                 52.97621849513634  | 33.79669262036713  |
| ground-track-field : |     68.49388613011396  | 59.448845553545816  |
| small-vehicle : |          68.63973584722103  | 46.535515718061916  |
| large-vehicle : |          55.37772898565745  | 24.331596561091775  |
| ship : |                   57.86425419610299  | 25.86073802363511  |
| tennis-court : |           72.11197579679278  | 62.25108599830078  |
| basketball-court : |       70.98619729707865  | 73.72559148262027  |
| storage-tank : |           99.97790552704735  | 100.00000000000003  |
| soccer-ball-field : |      73.25038964586483  | 72.445307483585  |
| roundabout : |             99.08171771299772  | 90.79822616407984  |
| harbor : |                 60.45002398798468  | 37.196828087809095  |
| swimming-pool : |          70.02209888505313  | 72.84974080435  |
| helicopter : |             75.97608433549236  | 73.93048128342247  |
| Total: |                 71.35274215416298  | 62.49550408464268  |

| train/name:            | T:                     | S:                     | M:                     | L:                     | Total |                 
| - | - | - | - | - | - |
| plane                  | 2.07324643078833       | 6.666666666666667      | 64.18373680943513      | 27.07635009310987      | 8055 |
| baseball-diamond       | 0.0                    | 3.855421686746988      | 54.45783132530121      | 41.68674698795181      | 415 |
| bridge                 | 30.6790425012213       | 39.42354665363947      | 26.868588177821202     | 3.0288226673180265     | 2047 |
| ground-track-field     | 0.6153846153846154     | 11.076923076923077     | 28.0                   | 60.30769230769231      | 325 |
| small-vehicle          | 15.94197351297558      | 80.37204317538085      | 3.6859833116435734     | 0.0                    | 26126 |
| large-vehicle          | 4.478755377453003      | 39.61341269373563      | 55.90783192881136      | 0.0                    | 16969 |
| ship                   | 9.690751033205073      | 65.26293287729798      | 23.884851075958387     | 1.1614650135385491     | 28068 |
| tennis-court           | 0.4224757076468103     | 5.280946345585129      | 38.86776510350655      | 55.42881284326151      | 2367 |
| basketball-court       | 0.0                    | 9.70873786407767       | 39.029126213592235     | 51.262135922330096     | 515 |
| storage-tank           | 26.207993636905947     | 39.073374428315766     | 30.02585006959634      | 4.692781865181945      | 5029 |
| soccer-ball-field      | 5.214723926380368      | 9.50920245398773       | 17.484662576687118     | 67.79141104294479      | 326 |
| roundabout             | 1.2531328320802004     | 17.04260651629073      | 68.92230576441102      | 12.781954887218046     | 399 |
| harbor                 | 0.9359852916597025     | 19.872973424703325     | 50.50977770349323      | 28.681263580143742     | 5983 |
| swimming-pool          | 1.4976958525345623     | 34.15898617511521      | 61.75115207373272      | 2.5921658986175116     | 1736 |
| helicopter             | 0.0                    | 16.984126984126984     | 75.39682539682539      | 7.619047619047619      | 630 |
| all                    | 9.97474492372967       | 52.088089706030914     | 31.03646833013436      | 6.900697040105061      | 98990 |
img:1411, ins:98990
| val/name:              | T:                     | S:                     | M:                     | L:                     | Total |                 
| - | - | - | - | - | - |
| plane                  | 3.871987356775978      | 12.959304622678783     | 43.22402212564204      | 39.9446858949032       | 2531 |
| baseball-diamond       | 0.0                    | 8.878504672897197      | 60.2803738317757       | 30.8411214953271       | 214 |
| bridge                 | 26.50862068965517      | 33.62068965517241      | 34.48275862068966      | 5.387931034482759      | 464 |
| ground-track-field     | 0.0                    | 11.11111111111111      | 34.02777777777778      | 54.861111111111114     | 144 |
| small-vehicle          | 22.103714600956234     | 74.47591026112542      | 3.4203751379183522     | 0.0                    | 5438 |
| large-vehicle          | 3.6927285160702072     | 35.787554137223616     | 60.51971734670618      | 0.0                    | 4387 |
| ship                   | 2.779017857142857      | 70.84821428571429      | 25.368303571428573     | 1.0044642857142858     | 8960 |
| tennis-court           | 0.6578947368421053     | 4.078947368421052      | 46.44736842105263      | 48.81578947368421      | 760 |
| basketball-court       | 0.0                    | 11.363636363636363     | 50.75757575757576      | 37.878787878787875     | 132 |
| storage-tank           | 39.958448753462605     | 30.12465373961219      | 28.42797783933518      | 1.4889196675900278     | 2888 |
| soccer-ball-field      | 7.189542483660131      | 15.032679738562091     | 20.915032679738562     | 56.86274509803921      | 153 |
| roundabout             | 7.262569832402234      | 22.905027932960895     | 61.452513966480446     | 8.379888268156424      | 179 |
| harbor                 | 0.04784688995215311    | 21.72248803827751      | 48.94736842105263      | 29.282296650717704     | 2090 |
| swimming-pool          | 29.545454545454547     | 34.77272727272727      | 34.31818181818182      | 1.3636363636363635     | 440 |
| helicopter             | 0.0                    | 15.068493150684931     | 45.205479452054796     | 39.726027397260275     | 73 |
| all                    | 10.910477246733443     | 48.81641423768759      | 31.66395175545004      | 8.60915676012893       | 28853 |

img:458, ins:28853

train result:

| category | mIoU value | mAP value |
| - | - | - |
| plane : |                  99.99999999999999  | 100.00000000000003  |
| baseball-diamond : |       99.99999999999368  | 100.00000000000003  |
| bridge : |                 100.0000000000008  | 100.00000000000003  |
| ground-track-field : |     99.99999999999596  | 100.00000000000003  |
| small-vehicle : |          100.00000000000173  | 100.00000000000003  |
| large-vehicle : |          100.00000000000198  | 100.00000000000003  |
| ship : |                   100.00000000000054  | 100.00000000000003  |
| tennis-court : |           100.00000000000007  | 100.00000000000003  |
| basketball-court : |       100.00000000000449  | 100.00000000000003  |
| storage-tank : |           99.99999999999928  | 100.00000000000003  |
| soccer-ball-field : |      99.99999999998566  | 100.00000000000003  |
| roundabout : |             99.9999999999973  | 100.00000000000003  |
| harbor : |                 100.00000000000036  | 100.00000000000003  |
| swimming-pool : |          100.00000000000122  | 100.00000000000003  |
| helicopter : |             99.99999999999558  | 100.00000000000003  |
| Total: |                 99.99999999999858  | 100.00000000000003  |

val result:

| category | mIoU value | mAP value |
| - | - | - |
| plane : |                  100.00000000000597  | 100.00000000000003  |
| baseball-diamond : |       100.0000000000051  | 100.00000000000003  |
| bridge : |                 99.99999999995516  | 100.00000000000003  |
| ground-track-field : |     99.9999999999906  | 100.00000000000003  |
| small-vehicle : |          99.99999999999874  | 100.00000000000003  |
| large-vehicle : |          99.99999999999824  | 100.00000000000003  |
| ship : |                   99.99999999999733  | 100.00000000000003  |
| tennis-court : |           100.00000000000118  | 100.00000000000003  |
| basketball-court : |       99.99999999999883  | 100.00000000000003  |
| storage-tank : |           100.00000000001319  | 100.00000000000003  |
| soccer-ball-field : |      99.99999999999244  | 100.00000000000003  |
| roundabout : |             100.00000000000861  | 100.00000000000003  |
| harbor : |                 99.99999999999916  | 100.00000000000003  |
| swimming-pool : |          99.99999999998953  | 100.00000000000003  |
| helicopter : |             99.99999999999933  | 100.00000000000003  |
| Total: |                 99.99999999999687  | 100.00000000000003  |

train result:

| category | mIoU value | mAP value |
| - | - | - |
| plane : |                  93.06694520508438  | 89.21865579347038  |
| baseball-diamond : |       92.66886400745264  | 90.0330299851831  |
| bridge : |                 89.80250879128381  | 89.12332554860285  |
| ground-track-field : |     93.4831782613488  | 88.57035032545681  |
| small-vehicle : |          91.78554581632442  | 89.15690922198947  |
| large-vehicle : |          93.06196779178586  | 89.69616840889857  |
| ship : |                   91.20874806552035  | 87.92209208921328  |
| tennis-court : |           97.91686516651738  | 90.79438690245391  |
| basketball-court : |       94.80649281727068  | 90.00513248782117  |
| storage-tank : |           69.95558619398287  | 45.259190311927725  |
| soccer-ball-field : |      94.13355089848842  | 88.43555034364961  |
| roundabout : |             61.26049956732971  | 40.57302552781757  |
| harbor : |                 95.10788374109825  | 90.67028044572602  |
| swimming-pool : |          74.07326278282676  | 71.7031273213893  |
| helicopter : |             93.30630208286848  | 90.31514788022785  |
| Total: |                   88.37588007927886  | 82.0984248395885  |

val result:

| category | mIoU value | mAP value |
| - | - | - |
| plane : |                  93.13538983141632  | 89.28691097081874  |
| baseball-diamond : |       93.37718589096036  | 89.93972534642394  |
| bridge : |                 90.91926516726703  | 89.61491158992241  |
| ground-track-field : |     96.16356482705807  | 90.90909090909093  |
| small-vehicle : |          89.41352274242321  | 87.43878986097593  |
| large-vehicle : |          93.33667675560132  | 89.68991427664301  |
| ship : |                   94.11737943790541  | 90.26134483717368  |
| tennis-court : |           98.27004286077997  | 100.00000000000003  |
| basketball-court : |       97.40592755416894  | 100.00000000000003  |
| storage-tank : |           70.83779760545474  | 43.4757938016482  |
| soccer-ball-field : |      95.83003869346405  | 99.13639566916524  |
| roundabout : |             71.29928239297055  | 55.84535656341596  |
| harbor : |                 91.54428580220328  | 87.4757830370781  |
| swimming-pool : |          80.73996866607624  | 85.88471853793013  |
| helicopter : |             92.76100360565418  | 90.15151515151516  |
| Total: |                   89.94342212222689  | 85.9406833701201  |

train result:

| category | mIoU value | mAP value |
| - | - | - |
| plane : |                  95.28674565371897  | 90.89069989310224  |
| baseball-diamond : |       93.83181583517727  | 100.00000000000003  |
| bridge : |                 92.23751755835742  | 90.58093012901642  |
| ground-track-field : |     96.56010133826953  | 100.00000000000003  |
| small-vehicle : |          93.75774640160589  | 90.90676794777985  |
| large-vehicle : |          94.60659269403914  | 90.89362548260415  |
| ship : |                   94.61264398504215  | 90.89833053928652  |
| tennis-court : |           98.16940451535525  | 99.98804352158145  |
| basketball-court : |       97.50017245289011  | 100.00000000000003  |
| storage-tank : |           99.9191890833485  | 100.00000000000003  |
| soccer-ball-field : |      97.41052904289053  | 100.00000000000003  |
| roundabout : |             99.85699079539701  | 100.00000000000003  |
| harbor : |                 95.33649813775456  | 99.91694379997016  |
| swimming-pool : |          92.66673341408003  | 90.90352391025999  |
| helicopter : |             94.30567562456318  | 100.00000000000003  |
| Total: |                   95.73722376883264  | 96.33192434824007  |

val result:

| category | mIoU value | mAP value |
| - | - | - |
| plane : |                  95.37117647979339  | 90.88682745825604  |
| baseball-diamond : |       94.74178286289052  | 100.00000000000003  |
| bridge : |                 92.31204595614065  | 90.82332761578046  |
| ground-track-field : |     96.82360595458691  | 100.00000000000003  |
| small-vehicle : |          93.95433184501857  | 100.00000000000003  |
| large-vehicle : |          94.72403058668294  | 100.00000000000003  |
| ship : |                   95.02133077426393  | 90.90085169354735  |
| tennis-court : |           98.27004286078134  | 100.00000000000003  |
| basketball-court : |       97.40592755416235  | 100.00000000000003  |
| storage-tank : |           99.99292225920212  | 100.00000000000003  |
| soccer-ball-field : |      96.93828236762143  | 99.89669421487606  |
| roundabout : |             99.79090250470792  | 100.00000000000003  |
| harbor : |                 95.67354880697475  | 99.89524479979386  |
| swimming-pool : |          88.41789732201593  | 90.80973671137606  |
| helicopter : |             94.06059221564273  | 100.00000000000003  |
| Total: |                   95.56656135669904  | 97.54751216624199  |

| train/name:            | T:                     | S:                     | M:                     | L:                     | Total |                 
| - | - | - | - | - | - |
| plane                  | 2.0360024829298573     | 6.815642458100559      | 64.17132216014897      | 26.977032898820607     | 8055 |
| baseball-diamond       | 0.0                    | 3.3734939759036147     | 55.18072289156626      | 41.44578313253012      | 415 |
| bridge                 | 29.262335124572544     | 40.54714215925745      | 26.917440156326332     | 3.2730825598436737     | 2047 |
| ground-track-field     | 0.6153846153846154     | 11.384615384615385     | 28.0                   | 60.0                   | 325 |
| small-vehicle          | 15.785041720891066     | 80.19597335987139      | 4.018984919237541      | 0.0                    | 26126 |
| large-vehicle          | 4.514113972538158      | 39.566267900288764     | 55.91372502799222      | 0.005893099180859214   | 16969 |
| ship                   | 10.043465868604818     | 65.21661678780106      | 23.599828986746473     | 1.1400883568476556     | 28068 |
| tennis-court           | 0.46472327841149136    | 5.111956062526405      | 38.95226024503591      | 55.47106041402619      | 2367 |
| basketball-court       | 0.0                    | 9.902912621359222      | 38.83495145631068      | 51.262135922330096     | 515 |
| storage-tank           | 26.207993636905947     | 39.073374428315766     | 30.00596540067608      | 4.712666534102207      | 5029 |
| soccer-ball-field      | 5.214723926380368      | 9.50920245398773       | 17.791411042944784     | 67.48466257668711      | 326 |
| roundabout             | 1.2531328320802004     | 17.04260651629073      | 68.92230576441102      | 12.781954887218046     | 399 |
| harbor                 | 0.9694133377904062     | 19.73926124018051      | 50.57663379575464      | 28.714691626274444     | 5983 |
| swimming-pool          | 1.6705069124423964     | 34.504608294930875     | 61.29032258064516      | 2.5345622119815667     | 1736 |
| helicopter             | 0.0                    | 17.46031746031746      | 74.92063492063492      | 7.619047619047619      | 630 |
| all                    | 10.013132639660572     | 52.05273259925245      | 31.041519345388423     | 6.892615415698556      | 98990 |

img:1411, ins:98990

| val/name:              | T:                     | S:                     | M:                     | L:                     | Total |                 
| - | - | - | - | - | - |
| plane                  | 3.7139470564994075     | 13.07783484788621      | 43.1845120505729       | 40.023706045041486     | 2531 |
| baseball-diamond       | 0.0                    | 9.345794392523365      | 59.81308411214953      | 30.8411214953271       | 214 |
| bridge                 | 26.07758620689655      | 32.974137931034484     | 35.560344827586206     | 5.387931034482759      | 464 |
| ground-track-field     | 0.0                    | 11.11111111111111      | 34.72222222222222      | 54.166666666666664     | 144 |
| small-vehicle          | 21.77271055535123      | 74.56785582934903      | 3.6594336152997426     | 0.0                    | 5438 |
| large-vehicle          | 3.6243446546615        | 36.266241167084566     | 60.109414178253935     | 0.0                    | 4387 |
| ship                   | 3.091517857142857      | 70.71428571428571      | 25.167410714285715     | 1.0267857142857142     | 8960 |
| tennis-court           | 0.6578947368421053     | 4.078947368421052      | 46.44736842105263      | 48.81578947368421      | 760 |
| basketball-court       | 0.0                    | 12.121212121212121     | 50.0                   | 37.878787878787875     | 132 |
| storage-tank           | 39.958448753462605     | 30.12465373961219      | 28.42797783933518      | 1.4889196675900278     | 2888 |
| soccer-ball-field      | 7.189542483660131      | 15.032679738562091     | 22.22222222222222      | 55.55555555555556      | 153 |
| roundabout             | 7.262569832402234      | 22.905027932960895     | 61.452513966480446     | 8.379888268156424      | 179 |
| harbor                 | 0.09569377990430622    | 21.626794258373206     | 49.09090909090909      | 29.1866028708134       | 2090 |
| swimming-pool          | 29.318181818181817     | 34.31818181818182      | 34.77272727272727      | 1.5909090909090908     | 440 |
| helicopter             | 0.0                    | 19.17808219178082      | 41.0958904109589       | 39.726027397260275     | 73 |
| all                    | 10.913943090839775     | 48.86840189928257      | 31.608498249748727     | 8.60915676012893       | 28853 |

img:458, ins:28853
