| train/name:            | T:                     | S:                     | M:                     | L:                     | Total |                 
| - | - | - | - | - | - |
| plane                  | 0.6828057107386716     | 4.158907510862818      | 59.292364990689016     | 35.865921787709496     | 8055 |
| baseball-diamond       | 0.0                    | 1.2048192771084338     | 50.8433734939759       | 47.95180722891566      | 415 |
| bridge                 | 15.192965315095261     | 39.17928676111382      | 37.51831949193942      | 8.10942843185149       | 2047 |
| ground-track-field     | 0.3076923076923077     | 7.384615384615385      | 20.307692307692307     | 72.0                   | 325 |
| small-vehicle          | 6.985378550103345      | 44.0327642961035       | 48.97802954910817      | 0.0038276046849881344  | 26126 |
| large-vehicle          | 1.7502504567151864     | 17.38464258353468      | 74.28840827391124      | 6.576698685838883      | 16969 |
| ship                   | 4.73492945703292       | 41.29970072680633      | 50.880005700441785     | 3.0853641157189684     | 28068 |
| tennis-court           | 0.38022813688212925    | 3.041825095057034      | 36.88212927756654      | 59.6958174904943       | 2367 |
| basketball-court       | 0.0                    | 4.271844660194175      | 36.50485436893204      | 59.22330097087379      | 515 |
| storage-tank           | 26.207993636905947     | 39.053489759395504     | 29.827003380393716     | 4.911513223304832      | 5029 |
| soccer-ball-field      | 3.9877300613496933     | 9.815950920245399      | 9.815950920245399      | 76.38036809815951      | 326 |
| roundabout             | 1.2531328320802004     | 16.791979949874687     | 68.67167919799499      | 13.283208020050125     | 399 |
| harbor                 | 0.01671402306535183    | 9.343138893531673      | 44.77686779207755      | 45.86327929132542      | 5983 |
| swimming-pool          | 0.6336405529953917     | 12.557603686635945     | 79.8963133640553       | 6.912442396313364      | 1736 |
| helicopter             | 0.0                    | 10.476190476190476     | 80.15873015873017      | 9.365079365079366      | 630 |
| all                    | 5.22780078795838       | 30.520254571168806     | 53.48216991615315      | 10.76977472471967      | 98990 |

img:1411, ins:98990

| val/name:              | T:                     | S:                     | M:                     | L:                     | Total |                 
| - | - | - | - | - | - |
| plane                  | 2.133544053733702      | 10.94429079415251      | 43.14500197550375      | 43.77716317661004      | 2531 |
| baseball-diamond       | 0.0                    | 3.7383177570093458     | 62.149532710280376     | 34.11214953271028      | 214 |
| bridge                 | 11.422413793103448     | 33.62068965517241      | 41.37931034482759      | 13.577586206896552     | 464 |
| ground-track-field     | 0.0                    | 4.861111111111111      | 32.638888888888886     | 62.5                   | 144 |
| small-vehicle          | 8.992276572269217      | 59.764619345347555     | 31.24310408238323      | 0.0                    | 5438 |
| large-vehicle          | 1.39047184864372       | 19.945292910873032     | 73.30749943013448      | 5.3567358103487575     | 4387 |
| ship                   | 0.390625               | 39.43080357142857      | 57.1875                | 2.9910714285714284     | 8960 |
| tennis-court           | 0.2631578947368421     | 2.6315789473684212     | 40.526315789473685     | 56.578947368421055     | 760 |
| basketball-court       | 0.0                    | 0.0                    | 56.06060606060606      | 43.93939393939394      | 132 |
| storage-tank           | 39.958448753462605     | 30.12465373961219      | 28.42797783933518      | 1.4889196675900278     | 2888 |
| soccer-ball-field      | 3.9215686274509802     | 15.032679738562091     | 18.30065359477124      | 62.745098039215684     | 153 |
| roundabout             | 7.262569832402234      | 22.3463687150838       | 61.452513966480446     | 8.938547486033519      | 179 |
| harbor                 | 0.0                    | 16.363636363636363     | 41.196172248803826     | 42.44019138755981      | 2090 |
| swimming-pool          | 24.09090909090909      | 21.818181818181817     | 51.36363636363637      | 2.727272727272727      | 440 |
| helicopter             | 0.0                    | 8.219178082191782      | 52.054794520547944     | 39.726027397260275     | 73 |
| all                    | 6.838110421793227      | 32.93591654247392      | 48.41437632135307      | 11.811596714379787     | 28853 |

img:458, ins:28853

train result:

| category | mIoU value | mAP value |
| - | - | - |
| plane : |                  71.60984775907998  | 84.36218879977274  |
| baseball-diamond : |       69.61781195381587  | 87.9623211588021  |
| bridge : |                 57.07060098151684  | 39.98322326597244  |
| ground-track-field : |     69.37742546848816  | 58.98663036727182  |
| small-vehicle : |          60.67137461133784  | 34.55760475961887  |
| large-vehicle : |          49.547676716079394  | 14.554024149475826  |
| ship : |                   58.87993745265094  | 31.6170513171619  |
| tennis-court : |           70.24246781892872  | 57.32290308561495  |
| basketball-court : |       76.63811534455748  | 57.64993354344053  |
| storage-tank : |           99.61073812814153  | 90.68543285740104  |
| soccer-ball-field : |      73.45333991403542  | 64.0784695974288  |
| roundabout : |             98.32127927764228  | 90.68565248706636  |
| harbor : |                 52.93223730311032  | 35.446367945517565  |
| swimming-pool : |          71.1232380341617  | 55.787295016717074  |
| helicopter : |             83.75131331094565  | 87.21904884844182  |
| Total: |                 70.85649360496615  | 59.3932098133136  |

val result:

| category | mIoU value | mAP value |
| - | - | - |
| plane : |                  75.67385366889829  | 75.30955368614582  |
| baseball-diamond : |       69.40906180100309  | 88.95235780262519  |
| bridge : |                 52.97621849513634  | 33.79669262036713  |
| ground-track-field : |     68.49388613011396  | 59.448845553545816  |
| small-vehicle : |          68.63973584722103  | 46.535515718061916  |
| large-vehicle : |          55.37772898565745  | 24.331596561091775  |
| ship : |                   57.86425419610299  | 25.86073802363511  |
| tennis-court : |           72.11197579679278  | 62.25108599830078  |
| basketball-court : |       70.98619729707865  | 73.72559148262027  |
| storage-tank : |           99.97790552704735  | 100.00000000000003  |
| soccer-ball-field : |      73.25038964586483  | 72.445307483585  |
| roundabout : |             99.08171771299772  | 90.79822616407984  |
| harbor : |                 60.45002398798468  | 37.196828087809095  |
| swimming-pool : |          70.02209888505313  | 72.84974080435  |
| helicopter : |             75.97608433549236  | 73.93048128342247  |
| Total: |                 71.35274215416298  | 62.49550408464268  |
